# GEOMUP #################
        0.0000000000        0.0000000000       -1.6794733900
        0.0000000000        1.2524327590        0.6959098120
        0.0000000000       -1.2524327590        0.6959098120
        0.0000000000        3.0146272390        1.7138963510
        0.0000000000       -3.0146272390        1.7138963510
# GEOMUP #################
        0.0000000000        0.0000000000       -1.6929508795
        0.0000000000        1.2335354991        0.6923003326
        0.0000000000       -1.2335354991        0.6923003326
        0.0000000000        2.9875928126        1.7242445752
        0.0000000000       -2.9875928126        1.7242445752
# GEOMUP #################
        0.0000000000        0.0000000000       -1.6826636598
        0.0000000000        1.2382598141        0.6926064201
        0.0000000000       -1.2382598141        0.6926064201
        0.0000000000        2.9956906742        1.7187948778
        0.0000000000       -2.9956906742        1.7187948778
# GEOMUP #################
        0.0000000000        0.0000000000       -1.6882498257
        0.0000000000        1.2382598141        0.6945522653
        0.0000000000       -1.2382598141        0.6945522653
        0.0000000000        2.9885933980        1.7196421156
        0.0000000000       -2.9885933980        1.7196421156
# GEOMUP #################
        0.0000000000        0.0000000000       -1.6871143352
        0.0000000000        1.2382598141        0.6956877558
        0.0000000000       -1.2382598141        0.6956877558
        0.0000000000        2.9979838318        1.7179388798
        0.0000000000       -2.9979838318        1.7179388798
# GEOMUP #################
        0.0000000000        0.0000000000       -1.6896003999
        0.0000000000        1.2382598141        0.6932016911
        0.0000000000       -1.2382598141        0.6932016911
        0.0000000000        2.9943586376        1.7216679769
        0.0000000000       -2.9943586376        1.7216679769
# GEOMUP #################
        0.0000000000        0.0000000000       -1.6920813224
        0.0000000000        1.2382598141        0.6907207686
        0.0000000000       -1.2382598141        0.6907207686
        0.0000000000        2.9907114921        1.7253893605
        0.0000000000       -2.9907114921        1.7253893605
# GEOMUP #################
        0.0000000000        0.0000000000       -1.6909509742
        0.0000000000        1.2382598141        0.6918511169
        0.0000000000       -1.2382598141        0.6918511169
        0.0000000000        3.0001238771        1.7236938382
        0.0000000000       -3.0001238771        1.7236938382
# GEOMUP #################
        0.0000000000        0.0000000000       -1.6965272755
        0.0000000000        1.2382598141        0.6938017676
        0.0000000000       -1.2382598141        0.6938017676
        0.0000000000        2.9930311756        1.7245313382
        0.0000000000       -2.9930311756        1.7245313382
# GEOMUP #################
        0.0000000000        0.0000000000       -1.6723303531
        0.0000000000        1.2429841291        0.6929259117
        0.0000000000       -1.2429841291        0.6929259117
        0.0000000000        3.0037921474        1.7133087328
        0.0000000000       -3.0037921474        1.7133087328
# GEOMUP #################
        0.0000000000        0.0000000000       -1.6779458870
        0.0000000000        1.2429841291        0.6948553635
        0.0000000000       -1.2429841291        0.6948553635
        0.0000000000        2.9966773101        1.7141870480
        0.0000000000       -2.9966773101        1.7141870480
# GEOMUP #################
        0.0000000000        0.0000000000       -1.6767980576
        0.0000000000        1.2429841291        0.6960031929
        0.0000000000       -1.2429841291        0.6960031929
        0.0000000000        3.0060583635        1.7124653038
        0.0000000000       -3.0060583635        1.7124653038
# GEOMUP #################
        0.0000000000        0.0000000000       -1.6792888747
        0.0000000000        1.2429841291        0.6935123758
        0.0000000000       -1.2429841291        0.6935123758
        0.0000000000        3.0024536155        1.7162015296
        0.0000000000       -3.0024536155        1.7162015296
# GEOMUP #################
        0.0000000000        0.0000000000       -1.6817745784
        0.0000000000        1.2429841291        0.6910266721
        0.0000000000       -1.2429841291        0.6910266721
        0.0000000000        2.9988268742        1.7199300851
        0.0000000000       -2.9988268742        1.7199300851
# GEOMUP #################
        0.0000000000        0.0000000000       -1.6806318624
        0.0000000000        1.2429841291        0.6921693881
        0.0000000000       -1.2429841291        0.6921693881
        0.0000000000        3.0082299208        1.7182160112
        0.0000000000       -3.0082299208        1.7182160112
# GEOMUP #################
        0.0000000000        0.0000000000       -1.6835453573
        0.0000000000        1.2429841291        0.6967957164
        0.0000000000       -1.2429841291        0.6967957164
        0.0000000000        2.9895758082        1.7150464303
        0.0000000000       -2.9895758082        1.7150464303
# GEOMUP #################
        0.0000000000        0.0000000000       -1.6824105890
        0.0000000000        1.2429841291        0.6979304846
        0.0000000000       -1.2429841291        0.6979304846
        0.0000000000        2.9989487314        1.7133442779
        0.0000000000       -2.9989487314        1.7133442779
# GEOMUP #################
        0.0000000000        0.0000000000       -1.6848913543
        0.0000000000        1.2429841291        0.6954497194
        0.0000000000       -1.2429841291        0.6954497194
        0.0000000000        2.9953477342        1.7170654258
        0.0000000000       -2.9953477342        1.7170654258
# GEOMUP #################
        0.0000000000        0.0000000000       -1.6873670115
        0.0000000000        1.2429841291        0.6929740622
        0.0000000000       -1.2429841291        0.6929740622
        0.0000000000        2.9917248325        1.7207789115
        0.0000000000       -2.9917248325        1.7207789115
# GEOMUP #################
        0.0000000000        0.0000000000       -1.6812543847
        0.0000000000        1.2429841291        0.6990866890
        0.0000000000       -1.2429841291        0.6990866890
        0.0000000000        3.0083233547        1.7116099714
        0.0000000000       -3.0083233547        1.7116099714
# GEOMUP #################
        0.0000000000        0.0000000000       -1.6837484149
        0.0000000000        1.2429841291        0.6965926588
        0.0000000000       -1.2429841291        0.6965926588
        0.0000000000        3.0047325184        1.7153510166
        0.0000000000       -3.0047325184        1.7153510166
# GEOMUP #################
        0.0000000000        0.0118935390       -1.6862523295
        0.0000000000        1.2415223985        0.6859743906
        0.0000000000       -1.2443928851        0.7022034745
        0.0000000000        2.9965494262        1.7162685771
        0.0000000000       -3.0055724786        1.7219448234
# GEOMUP #################
        0.0000000000        0.0088757482       -1.6862353356
        0.0000000000        1.2445519462        0.6903798316
        0.0000000000       -1.2414051542        0.6978279954
        0.0000000000        2.9950999376        1.7151034949
        0.0000000000       -3.0071224778        1.7230629497
# GEOMUP #################
        0.0000000000        0.0081251348       -1.6862308147
        0.0000000000        1.2407115543        0.6919882748
        0.0000000000       -1.2452531266        0.6962055927
        0.0000000000        2.9993198230        1.7161576632
        0.0000000000       -3.0029033854        1.7220182201
# GEOMUP #################
        0.0000000000        0.0037682392       -1.6862451094
        0.0000000000        1.2438050998        0.6880977269
        0.0000000000       -1.2421341395        0.7001093413
        0.0000000000        2.9983689006        1.7191805788
        0.0000000000       -3.0038081002        1.7189963984
