# GEOMUP #################
        0.0000000000        0.0000000000       -1.6794733900
        0.0000000000        1.2524327590        0.6959098120
        0.0000000000       -1.2524327590        0.6959098120
        0.0000000000        3.0146272390        1.7138963510
        0.0000000000       -3.0146272390        1.7138963510
# GEOMUP #################
        0.0000000000        0.0000000000       -1.6929508795
        0.0000000000        1.2335354991        0.6923003326
        0.0000000000       -1.2335354991        0.6923003326
        0.0000000000        2.9875928126        1.7242445752
        0.0000000000       -2.9875928126        1.7242445752
# GEOMUP #################
        0.0000000000        0.0000000000       -1.6826636598
        0.0000000000        1.2382598141        0.6926064201
        0.0000000000       -1.2382598141        0.6926064201
        0.0000000000        2.9956906742        1.7187948778
        0.0000000000       -2.9956906742        1.7187948778
